1111111111110010000000000010000000000001
0000000000000000000000001110001000000001
1111111111110010000000010010000000000001
0000000000001000000000001110001000000001
1111111111110010000000100010000000000001
0000000000010000000000001110001000000001
1111111111110110000110000010000000000001
0000000000011000000000001110001000000001
1111111111110110000101010010000000000001
0000000000100000000000001110001000000001
1111111111110110000101110010000000000001
0000000000101000000000001110001000000001
1111111111110010000000110010000000000001
0000000000110000000000001110001000000001
1111111111110010000001000010000000000001
0000000000111000000000001110001000000001
0000000000000000000000000000000000000001
0000000001000000000000001110100000000001
0000000000000000000000000000000000000001
0000000001001000000000001110100000000001
0000000000000000000000000000000000000001
0000000001010000000000001110100000000001
0000000000000000000000000000000000000001
0000000001011000000000001110100000000001
0000000000000000000000000000000000000001
0000000001100000000000001110100000000001
0000000000000000000000000000000000000001
0000000001101000000000001110100000000001
0000000000100001000010000010000000000001
0000000001111000000000001110001000000001
0000000001111000000000001100000000000001
0000000000010111111111110010000000000001
0000000001110000000000001110001000000001
0000000000001001000010000010000000000001
0000000001111000000000001110001000000001
0000000001111000000000001100000000000001
0000000000011111111111110010000000000001
0000000010000000000000001110001000000001
0000000000110001000010000100000000000001
0000000000101001000010000010000000001001
0000000000101001000010000010000000000001
0000000000111001000010000010000000100011
0000000010001000000000001110001000000001
0000000000000000000000000000000000000001
0000000001100001000010000010000000000001
0000000001101001000010000010001000000001
0000000000000000000000000000000000000001
0000000010010000000000001110001000000001
0000000001011001000010000010000000000001
0000000001010001000010000010001000000001
0000000000000000000000000000000000000001
0000000010011000000000001110001000000001
0000000001000001000010000010000000000001
0000000001001001000010000010001000000001
0000000000000000000000000000000000000001
0000000010100000000000001110001000000001
0000000000000000000000000000000000000001
0000000010001001000010000010000000000001
0000000010101000000000001110001000000001
0000000010011001000010000010000000000001
0000000000000000000000000000000000000001
0000000010111000000000001111000000000001
1111111111110010000001110011000001001001
1111111111110001000001000010000000000001
0000000011000010000001010010000000100111
0000000011001000000000001110001000000001
1111111111110010000001100010001001001001
1111111111101001000010000010000000000001
1111111111110001000010000010000000100111
0000000010110000000000001110001000000001
0000000010010001000010000010000000000001
0000000000000000000000000000000000000001
0000000011011000000000001111000000000001
1111111111110010000010100011000001001001
1111111111110001000001000010000000000001
0000000011100010000010000010000000100111
0000000011101000000000001110001000000001
1111111111110010000010010010001001001001
1111111111101001000010000010000000000001
1111111111110001000010000010000000100111
0000000011010000000000001110001000000001
0000000010100001000010000010000000000001
0000000000000000000000000000000000000001
0000000011111000000000001111000000000001
1111111111110010000011010011000001001001
1111111111110001000001000010000000000001
0000000100000010000010110010000000100111
0000000100001000000000001110001000000001
1111111111110010000011000010001001001001
1111111111101001000010000010000000000001
1111111111110001000010000010000000100111
0000000011110000000000001110001000000001
0000000010110001000010000010000000001001
1111111111110010000011100010000000000001
1111111111101001000010000010000000100110
0000000100010000000000001110001000000001
0000000011010001000010000010000000001001
1111111111110010000011110010000000000001
1111111111101001000010000010000000100110
0000000100011000000000001110001000000001
0000000011110001000010000010000000001001
1111111111110010000100000010000000000001
1111111111101001000010000010000000100110
0000000100100000000000001110001000000001
0000000000000000000000000000000000000001
0000000100010001000010000010000000000001
0000000100101000000000001110001000000001
0000000000000000000000000000000000000001
0000000100011001000010000010000000000001
0000000100110000000000001110001000000001
0000000000000000000000000000000000000001
0000000100100001000010000010000000000001
0000000100111000000000001110001000000001
0000000000000001000010000010000000000001
0000000001111000000000001110001000000001
0000000001111000000000001100000000000001
0000000100110111111111110010000000000001
0000000101000000000000001110001000000001
1111111111110001000010000110000000000001
0000000100111001000010000100000000000001
1111111111101001000010000010000000001001
0000000101010000000000001110001000000001
0000000000000000000000000000000000000001
0000000101010000000000001110011000100100
0000000100110001000010000100000000001001
0000000101010000000000001100000000000001
0000000000000111111111111010000000000001
1111111111101001000010000010001000000001
1111111111101001000010000010011000100100
1111111111110001000010000100000000000001
0000000101001000000000001110110000000001
0000000001000001000010000010000000000001
0000000101110000000000001110001000000001
0000000001001001000010000010000000000001
0000000101111000000000001110001000000001
0000000001100001000010000010000000000001
0000000110000000000000001110001000000001
0000000001101001000010000010000000000001
0000000110001000000000001110001000000001
0000000101000001000001110010000000000001
0000000101101000000000001110001000000001
0000000101101000000000001100000000000001
0000000000000111111111111010000000000001
0000000000000000000000000000000000000001
0000000101110001000010000010000010000001
0000000101011000000000001110001000000001
0000000101111001000010000010000010000001
0000000101100000000000001110001000000001
0000000000000001000010000010000000000001
0000000001111000000000001110001000000001
0000000001111000000000001100000000000001
0000000101001111111111110010000000000001
0000000110010000000000001110001000000001
1111111111110001000010000110000000000001
0000000101001001000010000100000000000001
1111111111101001000010000010000000001001
0000000110100000000000001110001000000001
0000000000000000000000000000000000000001
0000000110100000000000001110011000100100
0000000100101001000010000100000000001001
0000000110100000000000001100000000000001
0000000000000111111111111010000000000001
1111111111101001000010000010001000000001
1111111111101001000010000010011000100100
1111111111110001000010000100000000000001
0000000110011000000000001110110000000001
0000000001010001000010000010000000000001
0000000110111000000000001110001000000001
0000000001011001000010000010000000000001
0000000111000000000000001110001000000001
0000000101011001000010000010000000000001
0000000111001000000000001110001000000001
0000000101100001000010000010000000000001
0000000111010000000000001110001000000001
0000000110010001000001110010000000000001
0000000101101000000000001110001000000001
0000000101101000000000001100000000000001
0000000000000111111111111010000000000001
0000000000000000000000000000000000000001
0000000110111001000010000010000010000001
0000000110101000000000001110001000000001
0000000111000001000010000010000010000001
0000000110110000000000001110001000000001
1111111111110010000100010010000000000001
0000001000110000000000001110001000000001
0000000001000001000010000010000000000001
0000000111101000000000001110001000000001
0000000001001001000010000010000000000001
0000001000001000000000001110001000000001
0000000001010001000010000010000000000001
0000000111110000000000001110001000000001
0000000001011001000010000010000000000001
0000001000010000000000001110001000000001
0000000001100001000010000010000000000001
0000000111111000000000001110001000000001
0000000001101001000010000010000000000001
0000001000011000000000001110001000000001
0000000110101001000010000010000000000001
0000001000000000000000001110001000000001
0000000110110001000010000010000000000001
0000001000100000000000001110001000000001
1111111111101001000010000010000000000001
0000001010001000000000001110001000000001
0000001000101001000010000010000000000001
0000001000110001000010000010001001001001
1111111111110001000010000010000000100110
0000001010001000000000001110001000000001
0000001001001001000010000010000000000001
1111111111110001000100110010001001001001
0000001000101001000010000010000000000001
0000001001101001000010000010000000100101
0000001001110000000000001110001000000001
0000001001011001000010000010000000000001
1111111111110001000100110010001001001001
0000001000101001000010000010000000000001
0000001001111001000010000010000000100101
0000001010000000000000001110001000000001
0000001010010001000010000010000000000001
0000000000000000000000000000000000000001
0000001010100000000000001111000000000001
0000001010100001000010000010000000000001
1111111111110001000100110010001001001001
0000001010001001000010000010000000000001
1111111111101001000010000010000000100101
0000001010001000000000001110001000000001
0000001000101001000010000010000000000001
0000001000110000000000001110001000100101
0000001000111001000010000010000000000001
0000001001001001000010000010001001000001
0000001010011000000000001110001000000001
0000001001001001000010000010000000000001
0000001010011001000101000010001000000001
0000001001010000000000001110001000000001
0000001001110000000000001100000000000001
0000000000000111111111111010000000000001
0000001001010000000000001100000000000001
0000000111101111111111110010000010000001
0000000111011000000000001110001000000001
0000001000001111111111110100000010000001
0000000111100000000000001110010000000001
1111111111110001000010000010000000000001
1111111111110111111111110010001001000001
0000001001100000000000001110001000000001
0000001010000000000000001100000000000001
0000000000000111111111111010000000000001
0000001001100000000000001100000000000001
0000000111101111111111110010000010000001
0000000111011001000010000010001000000001
0000000111011000000000001110001000000001
0000001000001111111111110100000010000001
0000000111100001000010000100010000000001
0000000111100000000000001110010000000001
0000001000111001000010000010000000000001
0000001010001001000010000010001001000001
0000000000000000000000000000000000000001
0000001001000000000000001111000000000001
0000000000000000000000000000000000000001
0000000110011001000010000010000000000001
1111111011111000000000000000001000000001
0000000010000001000010000010000000000001
0000001010110000000000001110001000000001
1111111111101001000010000010000000000001
0000001100001000000000001110001000000001
0000001010101001000010000010000000000001
0000001010110001000010000010001001001001
1111111111110001000010000010000000100110
0000001100001000000000001110001000000001
0000001011001001000010000010000000000001
1111111111110010010010110010001001001001
0000001010101001000010000010000000000001
0000001011101001000010000010000000100101
0000001011110000000000001110001000000001
0000001011011001000010000010000000000001
1111111111110010010010110010001001001001
0000001010101001000010000010000000000001
0000001011111001000010000010000000100101
0000001100000000000000001110001000000001
0000001100010001000010000010000000000001
0000000000000000000000000000000000000001
0000001100100000000000001111000000000001
0000001100100001000010000010000000000001
1111111111110010010010110010001001001001
0000001100001001000010000010000000000001
1111111111101001000010000010000000100101
0000001100001000000000001110001000000001
0000001010101001000010000010000000000001
0000001010110000000000001110001000100101
0000001011110010000100100010000000000001
0000001100101000000000001110001000000001
0000001100101000000000001100000000000001
0000000111011001000010000010000000000001
0000001101010000000000001110001000000001
0000010000010010000101100010000100000001
0000010000001010000101110010001100000001
0000001101100010000101100011010100000001
0000001101011010000101110010001100000001
0000001101010010000100110010001100000001
0000001101001010000101000010001100000001
0000001101000010000101010010001100000001
0000000000000000000000000000000000000001
0000001101101000000000001110001000000001
0000010000011000000000001111001000000001
0000000111100001000010000010000000000001
0000001110001000000000001110001000000001
0000010000101010000101100010000100000001
0000010000100010000101110010001100000001
0000001110011010000101100011010100000001
0000001110010010000101110010001100000001
0000001110001010000100110010001100000001
0000001110000010000101000010001100000001
0000001101111010000101010010001100000001
0000000000000000000000000000000000000001
0000001110100000000000001110001000000001
0000010000110000000000001111001000000001
0000001100000010000100100010000000000001
0000001100110000000000001110001000000001
0000001100110000000000001100000000000001
0000000111011001000010000010000000000001
0000001110111000000000001110001000000001
0000010001000010000101100010000100000001
0000010000111010000101110010001100000001
0000001111001010000101100011010100000001
0000001111000010000101110010001100000001
0000001110111010000100110010001100000001
0000001110110010000101000010001100000001
0000001110101010000101010010001100000001
0000000000000000000000000000000000000001
0000001111010000000000001110001000000001
0000010001001000000000001111001000000001
0000000111100001000010000010000000000001
0000001111101000000000001110001000000001
0000010001011010000101100010000100000001
0000010001010010000101110010001100000001
0000001111111010000101100011010100000001
0000001111110010000101110010001100000001
0000001111101010000100110010001100000001
0000001111100010000101000010001100000001
0000001111011010000101010010001100000001
0000000000000000000000000000000000000001
0000010000000000000000001110001000000001
0000010001100000000000001111001000000001
0000001010111001000010000010000000000001
0000001011001001000010000010001001000001
0000001100011000000000001110001000000001
0000001011001001000010000010000000000001
0000001100011010010010100010001000000001
0000001011010000000000001110001000000001
1111111111110001000010000010000000000001
0000001011010001000010000010001001000001
0000001011100000000000001110001000000001
0000001011010000000000001100000000000001
0000001101101111111111110010000000000001
0000001011100000000000001100000000000001
0000001111010111111111110010001000000001
0000001100111000000000001110001000000001
0000001011010000000000001100000000000001
0000001110100111111111110010000000000001
0000001011100000000000001100000000000001
0000010000000111111111110010001000000001
0000001101110000000000001110001000000001
0000001010111001000010000010000000000001
0000001100001001000010000010001001000001
0000000000000000000000000000000000000001
0000001011000000000000001111000000000001
0000000001110001000010000010000000000001
0000010001110000000000001110001000000001
1111111111101001000010000010000000000001
0000010011001000000000001110001000000001
0000010001101001000010000010000000000001
0000010001110001000010000010001001001001
1111111111110001000010000010000000100110
0000010011001000000000001110001000000001
0000010010001001000010000010000000000001
1111111111110010100001010010001001001001
0000010001101001000010000010000000000001
0000010010101001000010000010000000100101
0000010010110000000000001110001000000001
0000010010011001000010000010000000000001
1111111111110010100001010010001001001001
0000010001101001000010000010000000000001
0000010010111001000010000010000000100101
0000010011000000000000001110001000000001
0000010011010001000010000010000000000001
0000000000000000000000000000000000000001
0000001100100000000000001111000000000001
0000001100100001000010000010000000000001
1111111111110010100001010010001001001001
0000010011001001000010000010000000000001
1111111111101001000010000010000000100101
0000010011001000000000001110001000000001
0000010001101001000010000010000000000001
0000010001110000000000001110001000100101
0000010010110010010011000010000000000001
0000010011100000000000001110001000000001
0000010011100000000000001100000000000001
0000001100111001000010000010000000000001
0000010100001000000000001110001000000001
0000010111001010010100000010000100000001
0000010111000010010100010010001100000001
0000010100011010010100000011010100000001
0000010100010010010100010010001100000001
0000010100001010010011010010001100000001
0000010100000010010011100010001100000001
0000010011111010010011110010001100000001
0000000000000000000000000000000000000001
0000010100100000000000001110001000000001
0000010111010000000000001111001000000001
0000001101110001000010000010000000000001
0000010101000000000000001110001000000001
0000010111100010010100000010000100000001
0000010111011010010100010010001100000001
0000010101010010010100000011010100000001
0000010101001010010100010010001100000001
0000010101000010010011010010001100000001
0000010100111010010011100010001100000001
0000010100110010010011110010001100000001
0000000000000000000000000000000000000001
0000010101011000000000001110001000000001
0000010111101000000000001111001000000001
0000010011000010010011000010000000000001
0000010011101000000000001110001000000001
0000010011101000000000001100000000000001
0000001100111001000010000010000000000001
0000010101110000000000001110001000000001
0000010111111010010100000010000100000001
0000010111110010010100010010001100000001
0000010110000010010100000011010100000001
0000010101111010010100010010001100000001
0000010101110010010011010010001100000001
0000010101101010010011100010001100000001
0000010101100010010011110010001100000001
0000000000000000000000000000000000000001
0000010110001000000000001110001000000001
0000011000000000000000001111001000000001
0000001101110001000010000010000000000001
0000010110100000000000001110001000000001
0000011000010010010100000010000100000001
0000011000001010010100010010001100000001
0000010110110010010100000011010100000001
0000010110101010010100010010001100000001
0000010110100010010011010010001100000001
0000010110011010010011100010001100000001
0000010110010010010011110010001100000001
0000000000000000000000000000000000000001
0000010110111000000000001110001000000001
0000011000011000000000001111001000000001
0000010001111001000010000010000000000001
0000010010001001000010000010001001000001
0000010011011000000000001110001000000001
0000010010001001000010000010000000000001
0000010011011010100001000010001000000001
0000010010010000000000001110001000000001
1111111111110001000010000010000000000001
0000010010010001000010000010001001000001
0000010010100000000000001110001000000001
0000010010010000000000001100000000000001
0000010100100111111111110010000000000001
0000010010100000000000001100000000000001
0000010110001111111111110010001000000001
0000010011110000000000001110001000000001
0000010010010000000000001100000000000001
0000010101011111111111110010000000000001
0000010010100000000000001100000000000001
0000010110111111111111110010001000000001
0000010100101000000000001110001000000001
0000010001111001000010000010000000000001
0000010011001001000010000010001001000001
0000000000000000000000000000000000000001
0000010010000000000000001111000000000001
0000000010101001000010000010000000000001
0000011000110001000010000010001001000001
0000011001010000000000001110001000000001
0000011001000001000010000010000000000001
0000011000110001000010000011010000000001
0000011001010010100001100010001000000001
0000011000111000000000001110001000000001
0000011000111000000000001100000000000001
0000011001001000000000001111001000000001
0000010011110111111111110010000000000001
0000011000100000000000001110001000000001
0000010100101111111111110010000000000001
0000011000101000000000001110001000000001
1111111111110010101100100100000000000001
0000011000100001000010010010000000000001
0000011000101001000010010010001000000001
0000011010101000000000001110001000000001
0000011010101001000011000010000000000001
0000011011111000000000001110001000000001
0000011011111000000000001100000000000001
0000011011111111111111110010000000000001
0000011100000000000000001110001000000001
0000011010101000000000001100000000000001
0000011010101111111111110010000000000001
0000000000000000000000000000000000000001
0000011011001000000000001110001000000001
0000011011010000000000001111001000000001
0000011100001001000010000010000000000001
0000011100001010101011110010001001000001
0000011100000010101011110010001000001001
0000011100010000000000001110001000000001
0000011001111001000010000010000000000001
0000011001111010101011110010001001000001
0000011011010010101011110010001000000001
0000011001101001000010000011010000000001
0000011001101010101011110010001001000001
0000011011001010101011110010001000000001
0000011001110000000000001110001000000001
1111111111101001000010000100001000000001
0000011010000000000000001111001000000001
0000011100010001000010000010000000000001
1111111111101001000010001000001000000001
1111111111101001000010001000010000100011
1111111111110001000010100010000000000001
0000000000000000000000000000000000000001
0000011011110000000000001111011000000001
0000011011110001000010000010001000000001
0000011011011000000000001110001000000001
0000000000000000000000000000000000000001
0000011011011000000000001111011000100011
0000011010011001000010000010000000001001
0000011010100000000000001110001000000001
0000011010001001000010000010000000000001
1111111111110010101100010010001001100111
0000011010010000000000001110001000000001
0000011011011001000010000010001001001001
0000011011011001000010000010000000000001
0000011010010000000000001110001000100111
1111111111110010101100000010000000000001
0000011010100000000000001110001000100111
0000000000000000000000000000000000000001
0000011010100001000010000010000000001001
1111111111111001000010000010001001000001
0000011010100000000000001110001000100110
0000011010010001000110100010000000000001
0000000000000000000000000000000000000001
0000011011100000000000001110001000000001
0000011011101000000000001111001000000001
0000011011100000000000001100000000000001
0000000000000000000000000000000000000001
0000000000000010100010001010000100000001
1111111111100001000010000010000000000001
0000000000000010100001111010000100000001
1111111111100001000010000010001001000001
0000011010110000000000001110001000000001
0000011011101000000000001100000000000001
0000011010110111111111110010000000000001
1111111111100001000010000010001000000001
0000011011000000000000001110001000000001
0000011011000000000000001100000000000001
0000011000100111111111110010000000000001
0000011001011000000000001110001000000001
0000011000101111111111110010000000000001
0000011001100000000000001110001000000001
0000011001100001000010000010000000000001
1111111101110000000000000000001000000001
0000011001011001000010000010000000000001
1111111101111000000000000000001000000001
0000011001100001000010000010000000000001
1111111110000000000000000000001000000001
0000011001011001000010000010000000000001
1111111101101000000000000000001000000001
0000000000000000000000000000000000000001
0000000000000000000000000000000000000001
0000000000000000000000000000000000000001
0000000000000000000000000000000000000001
0000000000000000000000000000000000000001
0000000000000000000000000000000000000001
0000000000000000000000000000000000000001
0000000000000000000000000000000000000001
0000000000000000000000000000000000000001
0000000000000000000000000000000000000001
0000000000000000000000000000000000000001
0000000000000000000000000000000000000001
0000000000000000000000000000000000000001
0000000000000000000000000000000000000001
0000000000000000000000000000000000000001
0000000000000000000000000000000000000001
0000000000000000000000000000000000000001
0000000000000000000000000000000000000001
0000000000000000000000000000000000000001
0000000000000000000000000000000000000001
0000000000000000000000000000000000000001
0000000000000000000000000000000000000001
0000000000000000000000000000000000000001
0000000000000000000000000000000000000001
0000000000000000000000000000000000000001
0000000000000000000000000000000000000001
0000000000000000000000000000000000000001
0000000000000000000000000000000000000001
0000000000000000000000000000000000000001
0000000000000000000000000000000000000001
0000000000000000000000000000000000000001
0000000000000000000000000000000000000001
0000000000000000000000000000000000000001
0000000000000000000000000000000000000001
0000000000000000000000000000000000000001
0000000000000000000000000000000000000001
0000000000000000000000000000000000000001
0000000000000000000000000000000000000001
0000000000000000000000000000000000000001
0000000000000000000000000000000000000001
0000000000000000000000000000000000000001
0000000000000000000000000000000000000001
0000000000000000000000000000000000000001
0000000000000000000000000000000000000001
0000000000000000000000000000000000000001
0000000000000000000000000000000000000001
0000000000000000000000000000000000000001
0000000000000000000000000000000000000001
0000000000000000000000000000000000000001
0000000000000000000000000000000000000001
0000000000000000000000000000000000000001
0000000000000000000000000000000000000001
0000000000000000000000000000000000000001
0000000000000000000000000000000000000001
0000000000000000000000000000000000000001
0000000000000000000000000000000000000001
0000000000000000000000000000000000000001
0000000000000000000000000000000000000001
0000000000000000000000000000000000000001
0000000000000000000000000000000000000001
0000000000000000000000000000000000000001
0000000000000000000000000000000000000001
0000000000000000000000000000000000000001
0000000000000000000000000000000000000001
0000000000000000000000000000000000000001
0000000000000000000000000000000000000001
0000000000000000000000000000000000000001
0000000000000000000000000000000000000001
0000000000000000000000000000000000000001
0000000000000000000000000000000000000001
0000000000000000000000000000000000000001
0000000000000000000000000000000000000001
0000000000000000000000000000000000000001
0000000000000000000000000000000000000001
0000000000000000000000000000000000000001
0000000000000000000000000000000000000001
0000000000000000000000000000000000000001
0000000000000000000000000000000000000001
0000000000000000000000000000000000000001
0000000000000000000000000000000000000001
0000000000000000000000000000000000000001
0000000000000000000000000000000000000001
0000000000000000000000000000000000000001
0000000000000000000000000000000000000001
0000000000000000000000000000000000000001
0000000000000000000000000000000000000001
0000000000000000000000000000000000000001
0000000000000000000000000000000000000001
0000000000000000000000000000000000000001
0000000000000000000000000000000000000001
0000000000000000000000000000000000000001
0000000000000000000000000000000000000001
0000000000000000000000000000000000000001
0000000000000000000000000000000000000001
0000000000000000000000000000000000000001
0000000000000000000000000000000000000001
0000000000000000000000000000000000000001
0000000000000000000000000000000000000001
0000000000000000000000000000000000000001
0000000000000000000000000000000000000001
0000000000000000000000000000000000000001
0000000000000000000000000000000000000001
0000000000000000000000000000000000000001
0000000000000000000000000000000000000001
0000000000000000000000000000000000000001
0000000000000000000000000000000000000001
0000000000000000000000000000000000000001
0000000000000000000000000000000000000001
0000000000000000000000000000000000000001
0000000000000000000000000000000000000001
0000000000000000000000000000000000000001
0000000000000000000000000000000000000001
0000000000000000000000000000000000000001
0000000000000000000000000000000000000001
0000000000000000000000000000000000000001
0000000000000000000000000000000000000001
0000000000000000000000000000000000000001
0000000000000000000000000000000000000001
0000000000000000000000000000000000000001
0000000000000000000000000000000000000001
0000000000000000000000000000000000000001
0000000000000000000000000000000000000001
0000000000000000000000000000000000000001
0000000000000000000000000000000000000001
0000000000000000000000000000000000000001
0000000000000000000000000000000000000001
0000000000000000000000000000000000000001
0000000000000000000000000000000000000001
0000000000000000000000000000000000000001
0000000000000000000000000000000000000001
0000000000000000000000000000000000000001
0000000000000000000000000000000000000001
0000000000000000000000000000000000000001
0000000000000000000000000000000000000001
0000000000000000000000000000000000000001
0000000000000000000000000000000000000001
0000000000000000000000000000000000000001
0000000000000000000000000000000000000001
0000000000000000000000000000000000000001
0000000000000000000000000000000000000001
0000000000000000000000000000000000000001
0000000000000000000000000000000000000001
0000000000000000000000000000000000000001
0000000000000000000000000000000000000001
0000000000000000000000000000000000000001
0000000000000000000000000000000000000001
0000000000000000000000000000000000000001
0000000000000000000000000000000000000001
0000000000000000000000000000000000000001
0000000000000000000000000000000000000001
0000000000000000000000000000000000000001
0000000000000000000000000000000000000001
0000000000000000000000000000000000000001
0000000000000000000000000000000000000001
0000000000000000000000000000000000000001
0000000000000000000000000000000000000001
0000000000000000000000000000000000000001
0000000000000000000000000000000000000001
0000000000000000000000000000000000000001
0000000000000000000000000000000000000001
0000000000000000000000000000000000000001
0000000000000000000000000000000000000001
0000000000000000000000000000000000000001
0000000000000000000000000000000000000001
0000000000000000000000000000000000000001
0000000000000000000000000000000000000001
0000000000000000000000000000000000000001
0000000000000000000000000000000000000001
0000000000000000000000000000000000000001
0000000000000000000000000000000000000001
0000000000000000000000000000000000000001
0000000000000000000000000000000000000001
0000000000000000000000000000000000000001
0000000000000000000000000000000000000001
0000000000000000000000000000000000000001
0000000000000000000000000000000000000001
0000000000000000000000000000000000000001
0000000000000000000000000000000000000001
0000000000000000000000000000000000000001
0000000000000000000000000000000000000001
0000000000000000000000000000000000000001
0000000000000000000000000000000000000001
0000000000000000000000000000000000000001
0000000000000000000000000000000000000001
0000000000000000000000000000000000000001
0000000000000000000000000000000000000001
0000000000000000000000000000000000000001
0000000000000000000000000000000000000001
0000000000000000000000000000000000000001
0000000000000000000000000000000000000001
0000000000000000000000000000000000000001
0000000000000000000000000000000000000001
0000000000000000000000000000000000000001
0000000000000000000000000000000000000001
0000000000000000000000000000000000000001
0000000000000000000000000000000000000001
0000000000000000000000000000000000000001
0000000000000000000000000000000000000001
0000000000000000000000000000000000000001
0000000000000000000000000000000000000001
0000000000000000000000000000000000000001
0000000000000000000000000000000000000001
0000000000000000000000000000000000000001
0000000000000000000000000000000000000001
0000000000000000000000000000000000000001
0000000000000000000000000000000000000001
0000000000000000000000000000000000000001
0000000000000000000000000000000000000001
0000000000000000000000000000000000000001
0000000000000000000000000000000000000001
0000000000000000000000000000000000000001
0000000000000000000000000000000000000001
0000000000000000000000000000000000000001
0000000000000000000000000000000000000001
0000000000000000000000000000000000000001
0000000000000000000000000000000000000001
0000000000000000000000000000000000000001
0000000000000000000000000000000000000001
0000000000000000000000000000000000000001
0000000000000000000000000000000000000001
0000000000000000000000000000000000000001
0000000000000000000000000000000000000001
0000000000000000000000000000000000000001
0000000000000000000000000000000000000001
0000000000000000000000000000000000000001
0000000000000000000000000000000000000001
0000000000000000000000000000000000000001
0000000000000000000000000000000000000001
0000000000000000000000000000000000000001
0000000000000000000000000000000000000001
0000000000000000000000000000000000000001
0000000000000000000000000000000000000001
0000000000000000000000000000000000000001
0000000000000000000000000000000000000001
0000000000000000000000000000000000000001
0000000000000000000000000000000000000001
0000000000000000000000000000000000000001
0000000000000000000000000000000000000001
0000000000000000000000000000000000000001
0000000000000000000000000000000000000001
0000000000000000000000000000000000000001
0000000000000000000000000000000000000001
0000000000000000000000000000000000000001
0000000000000000000000000000000000000001
0000000000000000000000000000000000000001
0000000000000000000000000000000000000001
0000000000000000000000000000000000000001
0000000000000000000000000000000000000001
0000000000000000000000000000000000000001
0000000000000000000000000000000000000001
0000000000000000000000000000000000000001
0000000000000000000000000000000000000001
0000000000000000000000000000000000000001
0000000000000000000000000000000000000001
0000000000000000000000000000000000000001
0000000000000000000000000000000000000001
0000000000000000000000000000000000000001
0000000000000000000000000000000000000001
0000000000000000000000000000000000000001
0000000000000000000000000000000000000001
0000000000000000000000000000000000000001
0000000000000000000000000000000000000001
0000000000000000000000000000000000000001
0000000000000000000000000000000000000001
0000000000000000000000000000000000000001
0000000000000000000000000000000000000001
0000000000000000000000000000000000000001
0000000000000000000000000000000000000001
0000000000000000000000000000000000000001
0000000000000000000000000000000000000001
0000000000000000000000000000000000000001
0000000000000000000000000000000000000001
0000000000000000000000000000000000000001
0000000000000000000000000000000000000001
0000000000000000000000000000000000000001
0000000000000000000000000000000000000001
0000000000000000000000000000000000000001
0000000000000000000000000000000000000001
0000000000000000000000000000000000000001
0000000000000000000000000000000000000001
0000000000000000000000000000000000000001
0000000000000000000000000000000000000001
0000000000000000000000000000000000000001
0000000000000000000000000000000000000001
0000000000000000000000000000000000000001
0000000000000000000000000000000000000001
0000000000000000000000000000000000000001
0000000000000000000000000000000000000001
0000000000000000000000000000000000000001
0000000000000000000000000000000000000001
0000000000000000000000000000000000000001
0000000000000000000000000000000000000001
0000000000000000000000000000000000000001
0000000000000000000000000000000000000001
0000000000000000000000000000000000000001
0000000000000000000000000000000000000001
0000000000000000000000000000000000000001
0000000000000000000000000000000000000001
0000000000000000000000000000000000000001
0000000000000000000000000000000000000001
0000000000000000000000000000000000000001
0000000000000000000000000000000000000001
0000000000000000000000000000000000000001
0000000000000000000000000000000000000001
0000000000000000000000000000000000000001
0000000000000000000000000000000000000001
0000000000000000000000000000000000000001
0000000000000000000000000000000000000001
0000000000000000000000000000000000000001
0000000000000000000000000000000000000001
0000000000000000000000000000000000000001
0000000000000000000000000000000000000001
0000000000000000000000000000000000000001
0000000000000000000000000000000000000001
0000000000000000000000000000000000000001
0000000000000000000000000000000000000001
0000000000000000000000000000000000000001
0000000000000000000000000000000000000001
0000000000000000000000000000000000000001
0000000000000000000000000000000000000001
0000000000000000000000000000000000000001
0000000000000000000000000000000000000001
0000000000000000000000000000000000000001
0000000000000000000000000000000000000001
0000000000000000000000000000000000000001
0000000000000000000000000000000000000001
0000000000000000000000000000000000000001
0000000000000000000000000000000000000001
0000000000000000000000000000000000000001
0000000000000000000000000000000000000001
0000000000000000000000000000000000000001
0000000000000000000000000000000000000001
0000000000000000000000000000000000000001
0000000000000000000000000000000000000001
0000000000000000000000000000000000000001
0000000000000000000000000000000000000001
0000000000000000000000000000000000000001
0000000000000000000000000000000000000001
0000000000000000000000000000000000000001
0000000000000000000000000000000000000001
0000000000000000000000000000000000000001
0000000000000000000000000000000000000001
0000000000000000000000000000000000000001
0000000000000000000000000000000000000001
0000000000000000000000000000000000000001
0000000000000000000000000000000000000001
0000000000000000000000000000000000000001
0000000000000000000000000000000000000001
0000000000000000000000000000000000000001
0000000000000000000000000000000000000001
0000000000000000000000000000000000000001
0000000000000000000000000000000000000001
0000000000000000000000000000000000000001
0000000000000000000000000000000000000001
0000000000000000000000000000000000000001
0000000000000000000000000000000000000001
0000000000000000000000000000000000000001
0000000000000000000000000000000000000001
0000000000000000000000000000000000000001
0000000000000000000000000000000000000001
0000000000000000000000000000000000000001
0000000000000000000000000000000000000001
0000000000000000000000000000000000000001
0000000000000000000000000000000000000001
0000000000000000000000000000000000000001
0000000000000000000000000000000000000001
0000000000000000000000000000000000000001
0000000000000000000000000000000000000001
0000000000000000000000000000000000000001
0000000000000000000000000000000000000001
0000000000000000000000000000000000000001
0000000000000000000000000000000000000001
0000000000000000000000000000000000000001
0000000000000000000000000000000000000001
0000000000000000000000000000000000000001
0000000000000000000000000000000000000001
0000000000000000000000000000000000000001
0000000000000000000000000000000000000001
0000000000000000000000000000000000000001
0000000000000000000000000000000000000001
0000000000000000000000000000000000000001
0000000000000000000000000000000000000001
0000000000000000000000000000000000000001
0000000000000000000000000000000000000001
0000000000000000000000000000000000000001
0000000000000000000000000000000000000001
0000000000000000000000000000000000000001
0000000000000000000000000000000000000001
0000000000000000000000000000000000000001
0000000000000000000000000000000000000001
0000000000000000000000000000000000000001
0000000000000000000000000000000000000001
0000000000000000000000000000000000000001
0000000000000000000000000000000000000001
0000000000000000000000000000000000000001
0000000000000000000000000000000000000001
0000000000000000000000000000000000000001
0000000000000000000000000000000000000001
0000000000000000000000000000000000000001
0000000000000000000000000000000000000001
0000000000000000000000000000000000000001
0000000000000000000000000000000000000001
0000000000000000000000000000000000000001
0000000000000000000000000000000000000001
0000000000000000000000000000000000000001
0000000000000000000000000000000000000001
0000000000000000000000000000000000000001
0000000000000000000000000000000000000001
0000000000000000000000000000000000000001
0000000000000000000000000000000000000001
0000000000000000000000000000000000000001
0000000000000000000000000000000000000001
0000000000000000000000000000000000000001
0000000000000000000000000000000000000001
0000000000000000000000000000000000000001
0000000000000000000000000000000000000001
0000000000000000000000000000000000000001
0000000000000000000000000000000000000001
0000000000000000000000000000000000000001
0000000000000000000000000000000000000001
0000000000000000000000000000000000000001
0000000000000000000000000000000000000001
0000000000000000000000000000000000000001
0000000000000000000000000000000000000001
0000000000000000000000000000000000000001
0000000000000000000000000000000000000001
0000000000000000000000000000000000000001
0000000000000000000000000000000000000001
0000000000000000000000000000000000000001
0000000000000000000000000000000000000001
0000000000000000000000000000000000000001
0000000000000000000000000000000000000001
0000000000000000000000000000000000000001
0000000000000000000000000000000000000001
0000000000000000000000000000000000000001
0000000000000000000000000000000000000001
0000000000000000000000000000000000000001
0000000000000000000000000000000000000001
0000000000000000000000000000000000000001
0000000000000000000000000000000000000001
0000000000000000000000000000000000000001
0000000000000000000000000000000000000001
0000000000000000000000000000000000000001
0000000000000000000000000000000000000001
0000000000000000000000000000000000000001
0000000000000000000000000000000000000001
0000000000000000000000000000000000000001
0000000000000000000000000000000000000001
0000000000000000000000000000000000000001
0000000000000000000000000000000000000001
0000000000000000000000000000000000000001
0000000000000000000000000000000000000001
0000000000000000000000000000000000000001
0000000000000000000000000000000000000001
0000000000000000000000000000000000000001
0000000000000000000000000000000000000001
0000000000000000000000000000000000000001
0000000000000000000000000000000000000001
0000000000000000000000000000000000000001
0000000000000000000000000000000000000001
0000000000000000000000000000000000000001
0000000000000000000000000000000000000001
0000000000000000000000000000000000000001
